x	y	z
1.25211653341673	5.77292211955474	0.704380428884178
0.254840505790099	1.01936602064788	0.552330076228827
1.84712499822095	18.7404812442494	1.34755509952083
-0.248480393148401	8.47844868191958	0.937754380982369
2.20444937303796	38.5091335121013	1.9782367083244
2.31324963288608	3.11346995935478	0.56186410645023
2.1456450666074	4.0520782254696	0.788028929848224
0.0922672693121805	2.60500359428908	0.54554034397006
-1.22183927530306	5.417082857399	0.637507221195847
2.5455906442588	20.6979931677785	1.40076984651387
-0.0159945914035577	1.64702115103365	0.205167623702437
1.20955591327578	2.66538334011109	0.477919836062938
0.316743616972441	20.7571556180684	1.36142971180379
0.464505049494164	0.183187454205189	0.271233989857137
2.93307412533991	34.1736261791111	1.84032448381186
-0.578307063348089	7.16498389326132	0.886225090362132
-0.0162253300452061	-0.259876292602271	0.0661844941787422
0.818669367338339	0.500291626308412	0.137364082504064
-2.35523447033821	1.43134498726959	0.13478871807456
1.43840863551123	11.3929161365923	1.05761519586667
2.10393171094983	22.6090852019831	1.5210296898149
1.56175112039035	12.7816110027316	1.12516910769045
1.53935752629814	23.2898777514059	1.53203531447798
1.71222019432647	11.3481633725606	1.01389354700223
0.796879394804558	7.85842352300991	0.920265332330018
3.69043058985576	28.5602247029485	1.70958146592602
3.69765377487997	37.677368877115	1.94006857601926
4.86893862262368	30.5824078394343	1.75826045218855
-0.166296631474972	-0.80389066894789	0.109877781942487
-0.480479953894826	-0.166087393435168	0.124304343014956
-1.15327884493162	0.230517120404296	0.168989571742713
1.60051772544084	18.64117393698	1.34418501751497
1.58658872733456	2.14749894961639	0.31646674964577
0.435550815956675	2.00923251594945	0.565090361516923
1.73203025984911	-0.338209565579772	0.10164897236973
1.5419991855359	29.6436180604764	1.71845610952005
-0.822821309699158	4.52089035641922	0.666053153574467
4.76231290422376	40.2591896084099	1.99891957687214
1.86535500696542	7.75985079689382	0.841631482355297
2.1585081312073	38.9662310639211	1.97275453433394
1.46036427995439	8.33037573485754	0.911813211627305
1.34999920271863	0.347716763486473	0.130977359134704
0.141296105720957	-1.50559795447392	0.0732881068252027
-0.491395284936283	4.35644188485656	0.723823220003396
0.342408653885537	6.56178501671641	0.842533772345632
0.731989710059328	4.35168870319738	0.59131749579683
3.58889956858574	29.8437020725187	1.7049288074486
2.44819030593721	18.3908686910806	1.40483532706276
2.01410911573154	18.8434882612369	1.39861347526312
1.95991902439712	8.35718555264743	0.857267070095986
2.19245859438835	20.2044616066822	1.39464872842655
0.466224089993119	0.908959274114521	0.139096123632044
3.15218965407692	15.4206606780074	1.24242639681324
1.50594275337398	30.6164805849822	1.76084364857525
3.75984460253548	32.1131189488013	1.78690922772512
0.433903477683547	13.9339355209318	1.14218202233315
-1.37069883004455	1.79253407022159	0.170016104355454
-0.847622125555603	0.935836497398854	0.351124261971563
4.42063979069433	29.0429980770599	1.67915686406195
1.39555476869098	5.3975114813839	0.488551127258688
3.86682574021297	41.3562858024905	1.9979046350345
1.578556679512	5.65030212969682	0.746342539787293
0.380155078984006	6.72196862512605	0.812513886019588
-1.06004748180302	1.18596461037021	0.272491787560284
-0.378374099456437	1.40060082315908	0.0729563753120601
1.69600883522287	0.174465908200951	0.0129041993059218
-0.604726789517986	3.47050900113587	0.621556490194053
-0.261928999036438	6.36024482334297	0.773780369665474
-0.15985985584164	11.2535267680787	1.02890553884208
0.0844894862753946	3.15166630061191	0.613861936144531
-1.71016120711239	0.576138588207537	0.43044809717685
5.03520912608972	38.933414561323	1.98900063615292
-0.341298970797381	0.445580045545571	0.337381959892809
1.31150252710519	-0.646257826179452	0.115004659630358
-0.353224649873249	0.870096039826679	0.3895358517766
3.54191677836215	28.8616328010906	1.71078381221741
0.920211020373492	1.11634784895687	0.330078225117177
1.64050876963035	8.52282172427789	0.934873608872294
3.45249585532742	37.7610774863993	1.96170978015289
0.699200453485736	-0.581894285844984	0.169042528606951
1.56214692588175	25.9102509783084	1.61753035802394
0.307912057032173	0.0668173550089369	0.163389224093407
1.04779962311979	3.09834182084981	0.0677472180686891
0.282817420052307	6.05955669809221	0.731372707989067
3.36800456531091	35.7354370357833	1.88177292887121
3.06555203628957	26.6614246091489	1.60203628102317
0.240144522642544	9.93997332337319	0.94294305332005
-0.944938101149652	12.9702523987404	1.1924983584322
0.181103445471048	-0.205384134452768	0.40941476309672
-0.602507048674047	2.39405720891751	0.399776491336525
-0.651608698002728	15.2523212061012	1.2473577670753
2.40811875772814	32.5652170655499	1.78439703956246
0.0605787460166444	0.763325797514181	0.45347342081368
4.63373752684011	34.243690922506	1.84659428801388
-0.0368611244209685	2.32297716842065	0.500501637812704
2.0991503848952	32.2562893531899	1.75561790633947
-0.177668895175966	3.22590202437143	0.594408329576254
0.490581413289654	0.913537408152378	0.339183067437261
3.13178835913414	38.3950776614651	1.9468569746241
1.82357640376222	0.774645711270284	0.317471519578248
3.66572060942587	41.65031564854	1.98615584522486
2.15641785312145	32.5808011316498	1.79224200546741
-1.03774097400913	0.998107897603619	0.274332015309483
0.823376150995282	26.1262151866437	1.5983866029419
-0.0544443287559076	32.8807136686586	1.85333225829527
1.10732609090477	9.50479262588233	0.970081101171672
1.23143253461101	5.0755510947754	0.698253510985524
3.64631980827902	28.4242413381644	1.66137748444453
2.11990137775233	20.4319190453564	1.45289303502068
4.04228611008502	25.2486123580692	1.59802852803841
-0.197098795978994	-0.238510061418612	0.0242903144098818
1.3650555391007	-1.48942231639038	0.0783744123764336
1.53287921250814	19.8116050399946	1.43860764335841
2.27076646584402	12.8399668685962	1.14213375421241
1.82261584345174	31.7216068585625	1.779864680022
-0.988703243756727	12.6297664631001	1.05907037761062
1.56010999258338	23.974284261507	1.56958591425791
2.70264306005714	14.7649615140546	1.2778717125766
2.81806608699018	10.4457141795462	1.04644523700699
1.9954618606149	26.6960722599106	1.5942998030223
1.17687199853207	-1.40106211875787	0.133171977475286
-2.34804500897118	3.3821663778631	0.415103793144226
3.91147655526463	24.8138459021073	1.57031425694004
2.10315279383399	13.3507537753428	1.16594158159569
2.0341856601092	20.2040864477354	1.43985670711845
-0.259998953631456	5.95285252621827	0.698221342172474
0.402826420404228	21.9854604570858	1.49138547340408
-1.00656982636635	6.11772699827326	0.810851991176605
-0.331300083221368	0.833422591955602	0.486426500603557
1.18931823839355	17.2039838930804	1.28275829833001
-0.108813407357532	9.97097774689242	0.987363009247929
2.54829128662131	35.1028505016728	1.84952719835565
1.60441731231702	10.6699632935318	1.09106610529125
-0.654843853165496	1.90797995818425	0.11506685661152
0.189238750056675	4.61762976546117	0.69561855494976
-0.247489541681109	5.00575033344143	0.666994424536824
1.27386689024613	13.1860565402377	1.21587978396565
2.44949547400973	3.67007490003388	0.682343962136656
0.941939328573293	14.5351653603572	1.2088613123633
3.23610542006502	19.6868383046082	1.45678207371384
-0.384428604604703	-1.07809832016585	0.109121673274785
-0.269744364881343	1.94175778923381	0.543540214188397
0.386401035875091	3.85537733394884	0.539968411903828
0.437775327303019	1.19703788639207	0.245701880194247
3.20322764833723	16.6229585992315	1.27753667905927
-0.589439385344857	5.01937334693189	0.698392355814576
4.44138495951884	34.4221428663546	1.90180317498744
1.81722633995985	19.0386764784953	1.31973935477436
0.613067318662019	-0.113309783677149	0.286794912535697
2.80205131834623	34.9040538663797	1.87282444769517
3.20356892644552	20.7810104011493	1.46243695076555
0.73195768543889	11.4350597668061	1.00542343128473
1.26774837692838	23.2289640570678	1.49414283409715
0.744889692708164	11.5702475409537	1.09093057177961
0.806799263471238	1.07738580131379	0.224493001122028
2.11692593988566	22.6779164556402	1.49081747001037
0.387815875856995	7.90442216243708	0.768285799771547
-1.36184647030231	5.27315168135788	0.65544886700809
0.390809753431934	-1.7225395337834	0.127316759433597
1.9223064627742	13.278552930971	1.1887222067453
-0.213172179511723	5.11472727663375	0.609213159885258
3.00412922352947	31.6600940579246	1.81008278951049
0.766345138724314	24.7480556634751	1.57261706935242
-1.06017893105556	4.65978631793544	0.695297212339938
3.80175455117734	34.4306744338887	1.8741030911915
0.179886032491176	6.87204683437891	0.689271218143404
1.32304284382802	14.8589995655846	1.23263738816604
-0.0899101671546035	0.462331671366082	0.317675495520234
0.974786278629323	3.27998719242088	0.456877623219043
3.8899105200707	36.0682123156258	1.90877460641786
1.7936657998946	21.1512725040599	1.44471382303163
1.46628209880694	7.56512739628086	0.938174637500197
2.04535418002201	21.4946291897247	1.43725670827553
2.59452255286484	-0.213126623736396	0.169811178930104
2.83884885226162	10.9693875018431	1.09746124269441
0.0542537279801035	5.87872323099795	0.839342933613807
-0.457371797537976	-0.477653925318248	0.0911845592781901
0.749495973816596	11.7897714199891	1.03279845416546
4.17733709899799	18.1133678560007	1.34383311495185
2.36627894545508	21.77168627597	1.46734002931044
5.13600737037609	38.439488574097	1.93596764933318
3.59232447261103	40.1662197704812	1.99921934772283
-0.866402096133287	0.401550437414524	0.179483732674271
0.00570454725586163	0.140180654707903	0.208388591650873
2.34828827700298	19.4896244552332	1.32785252155736
-0.968929096145979	7.72574661190967	0.861683495808393
1.14197896729584	3.51538501279779	0.621811212506145
0.96290368138043	6.06523847373017	0.729118880815804
2.50963712753166	38.1010020335702	1.95610091509298
-1.15834465353384	2.26380996679077	0.349561217240989
0.753183876361543	23.6977267480744	1.52989503601566
2.53935051286533	13.6826113070499	1.18695595581085
3.83915291685887	26.7577517575901	1.64804625930265
1.37296609877136	11.8688581100657	1.09108122484759
1.02615032799158	7.98265977482533	0.990477038081735
1.35301735052278	-1.64360708309486	0.183771548327059
0.588628972473078	14.6903814940287	1.22013505222276
-0.123626648894106	0.782608976256045	0.180197036359459
2.40067286400572	14.8800584907862	1.23918110923842
2.80344391130781	16.8450678212158	1.30045015690848
0.437217717683166	5.174429685998	0.539380133152008
0.0245636596540887	3.66505186512515	0.587632108479738
2.87779372441807	36.6012480459677	1.9607286369428
0.93451498593717	-0.370646880191235	0.119060671888292
-0.339135647645038	3.45452576820089	0.565596332773566
0.744461007719462	2.57883100875454	0.640822633169591
2.68053100313961	38.9804064875294	1.96907522855327
-1.08074036728168	0.846450301791763	0.198909802362323
-2.04100859788065	5.87018013230959	0.745540771167725
0.468882794892576	23.8045527935943	1.52074051927775
2.31252629072931	7.32243171971937	0.816669037565589
-1.08606347238404	0.254433953468425	0.115591523703188
-0.31350975670092	7.1122232008662	0.798184898681939
1.78774933829306	17.0379156008397	1.28475445508957
-0.41384630421734	11.6195538550269	1.11470205476508
0.975940179561952	13.4620827532594	1.18027900485322
0.688189081453874	21.4761522767357	1.47035999642685
1.83633396510471	17.7689810977171	1.3963686786592
-0.302723565976503	-0.826479947505548	0.208392645698041
-0.970669478212964	4.01782762205935	0.703705756925046
4.63987446291178	32.3992028352001	1.8338383231312
0.409994750748618	11.2542509784182	1.04009536420926
-1.8540704857227	1.93389469904089	0.478971602860838
2.17752471036888	6.58432202116808	0.803345846943557
3.60521599196167	33.1064330525361	1.79799338150769
0.716230631739123	14.9957040847123	1.23120263358578
2.08784244195718	15.3218272784869	1.26676339376718
3.30164562821484	12.7512179622145	1.12005771510303
1.93528997670109	30.9940697303972	1.75531726004556
-1.01683123002343	3.10414759863196	0.587200049776584
3.12132404579486	35.8434970308808	1.89253835799173
1.34316394982238	2.08956353936802	0.429017193615437
1.82387738108337	1.58144212502309	0.4956118860282
4.13197776299961	34.6360992471878	1.83498344616964
-0.324783010782051	0.0576492839883752	0.248292356729507
1.01204859265444	0.972587525358646	0.599991855677217
1.62758192716687	23.28415621886	1.53508625878021
-0.197445057200695	6.05966949503336	0.808906786609441
-1.05930315935865	2.89442741992003	0.584385001566261
-0.404079783954887	-0.600603196208804	0.30329740094021
1.60051920775787	-0.972229449135378	0.0444287187419832
-0.675681687161692	0.161946580886391	0.124054356478155
0.670832461529563	3.10220774914118	0.518542477861047
0.0703661074497399	4.30710983704242	0.594424871727824
1.03835744707191	5.97563896167489	0.767410161439329
0.528940555787553	7.72605433216266	0.896836014464498
-0.536894741589813	0.258611490871625	0.0446501495316625
0.191219898222246	3.54285177349597	0.546970299445093
2.89466133834524	16.031340777144	1.2760162781924
0.838433118778682	5.14764095919342	0.752553942613304
-0.84154948170708	4.21108747576796	0.688228798564524
2.01169408899694	12.1530086061221	1.07678606547415
1.8149840016565	26.3288230835886	1.65021913778037
1.5558916104391	29.3717118089066	1.72535938117653
2.6071850469694	6.04699474723637	0.712899091187865
1.44395960739449	12.7211617828424	1.10694141453132
-0.308291140928231	-1.96610783870221	0.143773396033794
1.90232362259387	11.5893946441248	1.12014337070286
-0.710593603016925	0.801611160818437	0.241970481351018
1.03802337965444	2.23515297979077	0.31360296625644
-0.297302794545873	0.404602304645651	0.0443245344795287
1.01028136907657	11.3534091619593	1.12643011892214
1.13493746177341	5.40072427371196	0.575556076597422
1.63223722961764	19.1479957187939	1.38217657944188
1.24782092686366	8.58478916639902	0.897467952221632
-0.144333127781094	0.928191891205433	0.226933598984033
1.62662217921081	-1.06702954039663	0.0876351590268314
5.17366309947066	32.1993669011682	1.81383300526068
4.14026504801217	31.7617051814733	1.78641224978492
3.21763424336884	31.3276143993857	1.78887934423983
2.16089763623694	9.32589882342975	0.964126458857208
1.74687488454147	3.15049307457002	0.517075153999031
0.92379112799864	10.555287513751	1.07874696701765
1.25726117422629	4.91004912326678	0.528521941043437
2.19752619812239	25.5215313223487	1.64625969249755
3.95751097917332	33.3719341761578	1.81879460765049
2.01952446861518	8.09575268071576	0.927973224781454
1.08530750070723	30.5814410354143	1.73334673047066
0.729967462268504	5.65147906234844	0.815244946163148
-0.212279629982328	7.05358330977444	0.765371966175735
1.40023640944676	27.0978503134493	1.66683215321973
1.77105421173873	24.7590768347061	1.61517095286399
0.891446519051648	10.6222620300456	1.00101810973138
0.822075410377891	2.88914309365977	0.466304033063352
1.3082921618426	-1.2404005030005	0.107465232722461
2.2294277702428	6.47760029357229	0.840019256807864
5.68535327993301	36.0311603295109	1.90741647779942
2.77638917859393	27.7126164565413	1.7239404884167
1.88426358592086	15.4514798234262	1.20117501541972
-0.364279759130455	0.21912284985175	0.0863371598534286
1.99796590187145	19.5523954508829	1.41174240084365
2.42636776104294	0.802962699923867	0.522416871972382
0.577794301978687	5.03445405394938	0.683224937412888
0.00135384066410693	4.51127241821253	0.67329473933205
1.62369034236449	31.8458721350396	1.76859597861767
0.966908874804765	3.57216823729371	0.708033912815154
1.89864316066134	19.9469982962382	1.36199831636623
2.07404096418913	16.8100093251999	1.27525446098298
1.98628618326203	2.08691811397745	0.243132935836911
0.366183227703168	0.467004552654804	0.543134665582329
2.00161737761699	15.161967754923	1.26509043341503
3.38420233362411	28.3597921000481	1.72090399218723
2.85679175287294	13.0227415964933	1.17533200327307
1.65054007667882	13.3081999302754	1.13657378451899
-0.668125689486065	3.86100969793514	0.67715325159952
-0.460299038833323	7.22855899730668	0.834311069454998
4.72455606597986	27.5350611572782	1.66891268687323
4.31273925754284	35.1047469023039	1.87879968620837
0.965943206790786	7.0375886450438	0.819043669383973
2.82016396107398	22.6903870378582	1.54651142563671
3.3061170921757	36.3609114396493	1.92462974693626
3.73070747453328	34.3578477673219	1.81975043937564
-1.53279954190374	0.963865455300525	0.298702926374972
3.11295518900035	6.19719279616645	0.625137204769999
4.48159980801133	36.7744241702025	1.92113403603435
0.0587054680936896	6.23490732680485	0.698629118967801
1.14743512471177	9.76931353740496	0.934575237333775
4.28438127612194	35.7192525848989	1.87070507928729
4.36438486981209	36.0221035031436	1.89423586428165
3.26165118363584	37.1540138753092	1.95611623954028
-0.522549603519654	0.82804456685259	0.0629998571239412
1.51314202204561	-0.0982022647152684	0.314597748219967
0.153057934854938	0.573366775878283	0.27803961141035
1.00314697981233	11.3642010536203	1.06465899758041
-0.522048640334938	2.51283945366739	0.439295342192054
0.0322823334843641	2.38748536704879	0.331629320047796
2.44710718320705	24.3631824505212	1.57256406405941
1.18300366514715	12.4634330287869	1.08220948465168
1.5398514516106	22.1302056889176	1.48986426834017
-0.416256607441492	4.92462381586263	0.679799988865852
3.51597867472132	20.8535968708827	1.43764221016318
-2.32642845321617	3.80608572597114	0.588180128484964
3.54104056022825	38.2777023981401	1.93430940434337
-0.364747747081277	5.93251065525656	0.747288905549794
-0.158425461142097	2.02564220995958	0.303165738005191
2.10171604213012	36.559362226251	1.90032661519945
0.800888578120762	20.2017712061278	1.41657651728019
1.49642099843724	9.48055359562859	0.983441542834044
0.50797917437832	0.951713597994004	0.329736857209355
4.28283487349474	22.6361971874599	1.52293406287208
1.68338688626564	25.183748980572	1.58386107347906
2.96849369371035	32.4425847191976	1.77788737183437
1.32742208325187	3.59752426881522	0.574789931531996
1.29945363327128	18.3184313909362	1.27166695799679
1.32094584900173	13.9220733926489	1.14646141091362
3.66233520710217	25.741776781906	1.59873655997217
0.885605526692916	10.651564240449	1.0413635186851
0.0138217859915923	4.98571241190854	0.696553407236934
1.10078914862125	15.7961470792587	1.23933948529884
2.79735780481001	28.7954374200761	1.66871101269498
3.51149523240155	25.0821980973265	1.53727004816756
2.53854730841807	19.5204126098987	1.40842070011422
1.45830224119029	17.8166155040308	1.39929324621335
0.79060760045542	8.26653648948268	0.867048056330532
-0.421426171575724	0.845585998058485	0.00902499537914991
2.96989390999518	23.2795869560384	1.54469159385189
1.61701751922306	11.6972539303375	1.14990504598245
-0.516447681957357	1.32364211062649	0.384613358881325
-2.08500866686813	0.108693421297362	0.00518410187214613
2.05632591152747	18.8376701911509	1.36613794276491
1.98169006319513	18.6853432455286	1.39222161751241
0.963834103197356	-0.228639308040526	0.167134001851082
-0.315163226427048	6.2618444596486	0.980931018479168
1.85165006805513	19.5356186625036	1.33174249250442
0.693661422060156	8.62843181084947	0.866181411314756
-0.674390180973894	-0.555958026821993	0.348497491329908
0.850425935098547	28.1119068621652	1.67250513192266
3.78524198323599	34.0287466544084	1.88566495012492
1.77851178389341	21.8426647628154	1.48857192695141
1.75733921570619	18.4620463760196	1.32045351760462
1.01931559701769	2.5140565049743	0.61613336764276
0.97032159747788	12.2146880545508	1.0962335835211
0.886874398797649	9.26729000847405	0.936746227554977
0.381475086306248	2.11057880311845	0.314136045053601
2.84484556811599	19.0396344892689	1.34164755186066
2.52890812943112	33.1491199737877	1.83086085878313
3.55996597626159	34.1336794154873	1.81118427589536
2.34464314578735	14.3090640341191	1.17425810080022
2.80663525578858	22.8122453634502	1.46297712111846
1.07806322957697	14.1328906728857	1.17268525110558
-1.78190155223778	0.379466497977352	0.151967414654791
4.74509341658745	26.0742120180502	1.60391244990751
1.34971145633145	-1.79434244267738	0.0245934603735805
1.73963036669728	17.9862364736804	1.27706852834672
-0.376547379108751	1.62509974275289	0.366725790780038
0.989764896476023	6.37022135406096	0.841496724635363
0.898558375135759	7.82295977542259	0.912948037497699
4.9314326319865	31.8314572434584	1.70401612855494
0.347292179391861	13.3303725035769	1.21034271316603
4.1810742110583	38.3321759247763	1.97786780912429
-0.540994755718521	1.74837019198189	0.213827286381274
0.279660658054462	0.170553211590228	0.204434734303504
1.48822463529845	17.8466645871333	1.35188515717164
0.344162483609602	-0.290137532175203	0.0606400272808969
-1.18771505274271	1.92263251277472	0.415237278677523
1.51998284120365	2.16112667269184	0.256336321122944
-1.13800747195258	13.9796428065328	1.21164277102798
0.545983337567804	0.825481689993288	0.286716222763062
2.95060841517928	26.5950343959319	1.60981179820374
-0.224564335753663	7.62510912884264	0.842675915919244
0.293316515412866	-1.58757540881092	0.255643296055496
4.64979374733116	37.8662215246021	1.93757184268907
1.21790480004245	8.24931295807625	0.911026106681675
1.42106117907784	24.815580007039	1.60632495302707
-1.09415721906927	2.35229704557896	0.501800354104489
0.595630928005983	1.5773845773487	0.476662943605334
1.74979765889591	1.52903632018682	0.679383315611631
0.501494128332328	3.34932376788609	0.708448606077582
2.69505343412059	15.2081932774258	1.23037663847208
-1.78475060660748	5.90929988665327	0.785866648890078
3.11470388302792	16.5187457709383	1.23490041820332
-0.451511517219481	5.68680340375284	0.727495868224651
2.69738619120784	19.5830069105868	1.40098236035556
-0.921673783891122	4.22746150161576	0.527766917366535
1.50868713709027	12.6511032931708	1.16091502550989
0.647605947169926	-1.98138224583557	0.136880572885275
0.809335839567027	1.84033489219897	0.440491911955178
0.284334983558293	1.73062406281117	0.373103877529502
1.70967881988502	0.880873159274817	0.296246085781604
-0.741205915214439	0.0855538913336643	0.186814601998776
2.0822389175283	3.31796179283957	0.489665176719427
2.694439086773	15.9294728693821	1.28639363218099
3.33210524244966	24.9774307078601	1.59012409113348
2.66278249196769	24.9621373451189	1.59014786081389
-0.394244199320659	1.78480473177407	0.0125178932212293
1.3492445454722	26.6094060594635	1.65184813831002
2.74838463450844	13.5027011153938	1.19113637926057
-0.712126394740209	6.95704664453409	0.807785653043538
3.78500351300288	25.7197461452488	1.653364806436
-0.668254374026863	0.27676681973615	0.1757358526811
2.71561718815423	22.891018182378	1.49606735212728
0.83051350260861	6.3544084173922	0.780287585221231
1.88611026493632	31.7565080016317	1.82125938497484
-0.486505293143713	4.16540071663318	0.68913936894387
1.04687355130158	24.5473318416432	1.53583822678775
2.12627981718123	27.4632901714646	1.66150893457234
3.95442610284118	41.3931944661125	1.98931549768895
4.45046452300973	38.158092203798	1.93393328925595
3.36755893391878	24.0102214492235	1.58202181151137
-0.708698325771598	-0.58302596873852	0.119718863628805
2.26194445303952	29.6612783258277	1.74549231445417
2.13458367350087	15.3241049655542	1.26040853653103
1.1785704889189	15.613010586031	1.31353193195537
2.90354587456696	20.4282671927005	1.45944578526542
-0.404296523460291	9.97988327877094	1.0221674866043
4.33923101007673	36.870354893088	1.9134660740383
1.93059510311058	26.7953183009042	1.65909092174843
-0.165919868074546	5.51999888960607	0.68712472030893
1.87476107940785	24.7789956090142	1.55892582517117
1.0996175734302	15.4225530040523	1.2505897176452
0.517785027612167	-0.421486554153077	0.189920473843813
-1.91197098065544	-1.14981149047983	0.152666743844748
1.43806349653197	4.61583841867429	0.750722861848772
1.48864742807712	17.7347105798302	1.33065655175596
-0.132285288192728	4.74653859997208	0.588360151741654
1.14545632387563	3.57038207151954	0.622348537668586
0.905321682318229	16.1703181189413	1.29244596837088
-0.196322164573995	0.777684364276578	0.254850468132645
-0.190841297629946	16.4138979066982	1.2548437542282
-0.481415053089406	4.13707243694488	0.457433601841331
-0.236362988550482	0.689404737273269	0.158749584574252
1.10166236353569	7.13002829630466	0.709523820318282
-1.18665948073027	-0.641198462709818	0.156735468190163
1.7192605895298	9.3275451470779	0.933540269732475
3.10889953559415	35.0204888887016	1.86215253127739
0.444684958725031	3.43829411891715	0.53394996188581
0.217431171416181	1.74376643992566	0.65399696584791
-0.266913724752448	-1.83235896818627	0.0614084014669061
0.94927900243221	15.3386035656973	1.26407895470038
1.55868654088724	16.3528861585108	1.26973639847711
-1.46582853918171	8.62875203326324	0.895755412988365
0.499879236460273	8.4447901748165	0.982920384965837
-1.14249143142198	0.212469223326486	0.132545961067081
1.56074720027115	8.8430081251857	0.870519706979394
0.536468378853652	0.243648358051865	0.0376416724175215
1.87095182590933	19.6024709580231	1.38877574075013
-0.652398561381614	2.40316776219491	0.390452327672392
0.0955549838520022	10.3123211212983	1.08064914029092
1.61300236606296	2.48682045285703	0.566988453269005
3.99828334544997	30.935869584123	1.7187556871213
2.60595595261496	24.6724905892612	1.53758884035051
0.850871637416067	1.36189420023059	0.125632662791759
2.13793839389585	2.70778010033187	0.562549637164921
1.65457049138714	18.6246769659436	1.38186259567738
-0.158087937074569	3.60408329571281	0.694330201484263
1.38689683432098	9.39820399103571	1.07138923509046
1.16138148673353	24.5846282392499	1.57501206267625
0.652972546181301	6.10245752723401	0.785685385577381
1.50192383596082	5.02197351393523	0.707785247825086
-0.567546446287195	1.52297903933453	0.118136716540903
2.14991506944158	18.621149325011	1.26012955093756
3.94440607438269	17.957949250519	1.36392855923623
3.1284523566006	19.4569128154097	1.37537316093221
1.86061810679604	28.5328251178568	1.69019850669429
0.100012028340928	19.9733747676844	1.412448159419
3.39409925347979	37.6826186423608	1.9375465484336
-0.901273526067235	0.356808372777953	0.177273707464337
2.15646300611296	7.91583906602507	0.855797212570906
0.672496145144772	15.8872084369574	1.29660889087245
3.36236000116722	31.5891860496687	1.76698518311605
1.25316409043118	16.2939739431725	1.26240606186911
3.59821680174685	25.1095758246409	1.54072782071307
-0.964446385853624	1.78676131798648	0.258449741173536
-0.994102808124888	4.49408145532752	0.683577906806022
1.54034884006816	11.4446498961613	1.0843862821348
-0.904205637412927	6.92032511780558	0.685822662897408
3.46585387351902	29.4768184853116	1.69146821275353
-2.55661134637305	0.740347902494701	0.155801367014647
-0.0613928142907417	-0.216903678335718	0.088957289699465
-0.174782037888001	0.5045617830095	0.204798196908087
2.98828797769751	25.2854531620711	1.56849300255999
-0.0815571182309787	1.95973931346743	0.131960158701986
3.9141650919415	30.4419249758239	1.78579590283334
1.43103112384356	-0.130131202212199	0.259296372532845
-2.34093000285582	0.732671687272607	0.4932801714167
0.0780470995851222	1.29763760409094	0.326162808574736
1.36400004345596	3.74340532723078	0.677254714071751
3.16761855008247	32.8362704011516	1.79018408991396
1.98976384817052	15.441635498356	1.24950375547633
1.075319168474	0.529167306179851	0.32245582388714
-0.210060432016878	4.27879920510985	0.579042186960578
-1.49014846840501	12.3780797063096	1.13060650089756
0.173806492657166	5.43269740959094	0.745598420035094
1.35428119099434	1.4857524768646	0.524495367892087
0.624239536646925	7.83148482276888	0.88542368542403
0.0266691135556106	0.243442618690695	0.06718017347157
2.19373320508349	20.4730817560811	1.44997958652675
0.683015810960333	13.104440653936	1.16809423221275
1.83753820632801	34.1099565325088	1.84016206022352
2.18867420311477	21.5987229208508	1.43491059681401
3.70344535165036	27.4221412899235	1.63437016913667
1.13082809582667	8.65841464447917	0.795921371784061
2.35502524455336	38.9176774361738	1.996647416614
-0.40351497883941	10.0140432778535	0.874570196960121
1.7865044030947	7.57723871977349	0.902033794671297
0.935010920931344	2.05051151913266	0.510460416320711
2.59264587112169	21.8081906517206	1.45326160686091
1.26247486441246	1.62922298663764	0.360850198194385
2.58093295312769	29.8010925844365	1.74538501957431
0.142079823725032	1.43487509178661	0.258907537907362
1.28910568290347	5.50549641137821	0.821348957717419
-0.789009172448466	-0.0465418931276988	0.17118036467582
0.287515179929874	15.2302148550743	1.24298378638923
0.880267971034076	3.42382295836022	0.612594140693545
2.67431786955533	20.7802217684531	1.46647966559976
4.40526396558741	31.1815805436244	1.78073507500812
-0.389273431036549	0.319500184655239	0.376275589223951
3.88991800820016	28.5371542191468	1.69986565550789
1.33714394072845	22.4113519078024	1.46505757188424
1.04089541632412	0.0654611645514664	0.100870318245143
1.44571245250915	13.5376370844009	1.13692594971508
2.03305603805776	27.2347012258964	1.63606752641499
-1.26173309550606	4.41284684711266	0.580540133174509
2.36079622595765	32.7863427671285	1.80047318805009
1.78010742037217	-0.170435522136358	0.221674728672951
5.6534274354061	38.1089028813237	1.96088056033477
2.15615443510008	19.2008184908172	1.41426314460114
3.74131416676594	33.4991782985497	1.80149621563032
-0.164662131729972	6.71056426000337	0.788625243119896
-1.20245221667945	0.780333977822082	0.226538348477334
0.484190724250107	5.1123564106957	0.691046160180122
1.2920309419032	22.1160721665112	1.515054828953
2.47619358902151	21.0800312847445	1.40403128741309
0.417493690537546	0.790773734846962	0.103486131411046
1.98186937323323	10.5846314707333	1.02627849858254
3.47320682308421	38.4793170146182	1.97088944725692
-0.677092515753206	-0.178590727002027	0.18006890732795
1.5262439477736	1.68376405062129	0.311604092828929
-0.624019540598757	3.44968638477649	0.71193626569584
0.480140461055411	5.61877259998026	0.728776158299297
2.93298589440843	19.6239316402415	1.44945332175121
0.71985427845829	22.1117802359477	1.48641794873402
0.0887804534973881	1.1626245853567	0.303182734176517
-0.855838771051397	3.3792387073325	0.639648352283984
0.698050058057783	8.55474966414389	0.926926935091615
-0.686672708603122	4.17701097765511	0.642485877033323
4.57238317534398	40.2617724914565	1.99463744368404
1.87943936761711	28.4571424676441	1.69934032158926
5.06031427720041	37.0776886215852	1.9557252577506
1.86588747323294	31.5620626652975	1.78557104803622
-0.844153583823111	-0.375254111071521	0.121002601459622
-0.451626090175811	0.0849756448222082	0.0801160554401577
1.0705670797878	4.87341895062217	0.76783704617992
-0.921548032487611	3.56535780250885	0.47052265284583
-0.14638504611591	1.21631388065257	0.35387704288587
1.4249712584132	11.6554164460999	1.05973889026791
-1.11054289081553	0.539311102370431	0.37176941242069
-0.544828427345911	0.282655573897627	0.186737687326968
0.356962718937779	16.0779804214025	1.24133485695347
1.97410497404094	5.66427741094964	0.740841978695244
2.25227632082478	8.85197853282565	0.999125830363482
3.05231528643281	31.0106580829457	1.80756521923468
4.12305136845728	30.8936042191236	1.74010529415682
0.321184461387967	8.30706719070824	0.902405010070652
1.51239492294444	1.37901320135711	0.128690537530929
1.86852915241139	10.3522663536418	0.959096088074148
1.87556026490127	22.5938693307525	1.53172667464241
0.29248313725541	1.05058658657865	0.232684610411525
0.213736559726532	26.9387944223326	1.60474547091872
4.14550141909166	20.3953693431552	1.48203816870227
3.78060287860115	18.6907826634477	1.3704013437964
-0.194969067693042	5.4962967009797	0.682232421357185
3.90372943927303	34.6978295559544	1.84882289310917
1.933773588816	25.8561523387018	1.58116701571271
-0.165495730481329	2.46373287424958	0.409463813528419
-2.3530566004789	2.93872652587913	0.656618448439986
0.1993554615655	4.48450378410751	0.68370646238327
0.079070510668609	2.46060259580087	0.653833686839789
1.57325718277707	12.3795506682817	1.13171038543805
0.857044759564662	1.21288640231074	0.486632013693452
2.37880812560577	32.0703489826526	1.78483829041943
1.45150118353473	16.0257639506191	1.24924418609589
3.59778791885557	34.2784426258921	1.80272967508063
1.78705302304365	10.8568602587228	1.07840270595625
-1.20998368996731	-0.565701639108455	0.178237461484969
5.66578877657923	34.0209525950413	1.84732224047184
3.04771022090258	30.6179114350333	1.78130952036008
1.05684386337372	0.470518537504244	0.359745202120394
1.8817161926181	7.92736332181156	0.845397127326578
1.85465448634679	1.59953500270962	0.660678138490766
1.37015661274512	9.63989547340921	0.911354719661176
-1.1397604726576	0.208945665443474	0.348745016381145
1.74312997871804	23.6922798131881	1.60061931423843
0.964549614135663	2.87970910897036	0.550136596895754
-0.627982782288134	2.36889608972155	0.337589476257563
4.3680210445596	37.5710809237329	1.96703561162576
1.02872566974729	2.04436909807494	0.503553270827979
1.34454100887962	17.7815987673615	1.30358838802204
2.22448286192937	36.941679380143	1.91196074197069
1.99722165240276	23.2496795466312	1.48130107857287
1.13471126057007	21.8382428173004	1.52708030771464
1.77443425602498	24.710282268233	1.57061297772452
2.66884610431437	16.1814618168011	1.2912527276203
1.35381972006157	6.25904156684258	0.772691900841892
1.85247455357486	36.108154233864	1.93286811048165
2.54574967844186	5.37755276530083	0.581231236923486
2.88437907874991	21.9635660375977	1.49020884558558
2.14540829137641	21.5421561636848	1.44705100543797
2.25708678400166	8.93506809155091	0.923567354213446
1.98690853238188	13.3452267691877	1.16703450214118
2.64347904701502	18.293692997755	1.28327008336782
0.00269936213207045	8.22396515851361	0.775176293216646
3.63740779359327	37.0852231649614	1.94684986118227
0.962031424389538	7.94601741020061	0.948667618446052
3.05262095227517	22.8934894898926	1.5572475544177
3.44229123824919	26.2023680585339	1.63234535837546
1.11727911219079	4.39777943296303	0.77073238696903
1.18005574726388	21.3750384583019	1.41458755312487
1.20261609867141	16.6142881986544	1.22840636409819
-0.851444941998641	2.03595314069016	0.490941532887518
0.245211840916873	11.5798846326668	1.0511153829284
0.0499874281613529	0.41013011221579	0.290032242890447
3.46460195141947	38.9485445398262	1.99143107654527
1.46532330594151	10.9400332021183	1.09346370305866
-0.298115251270788	0.68900759734876	0.165144614875317
0.167964684899424	0.50797956805557	0.165954769123346
1.43522568236972	3.58531525829361	0.586686282418668
3.51469574001061	35.2828920063338	1.85199993941933
2.08690584519047	11.8009295134857	1.06873867567629
3.18576147079114	25.5373363811606	1.62579867430031
0.853476020527012	5.70053152917326	0.766891220118851
0.770956838065235	9.91729047048467	1.04256520885974
2.87681162637221	24.6916012869963	1.54203808074817
0.640283926825758	4.71581305278394	0.554929146543145
0.0438242333115173	2.93301725827509	0.573749956209213
1.62629279173476	19.3634494016676	1.41964987851679
-0.344250897246365	1.72604275754268	0.219365858472884
2.35310828830778	15.63772983196	1.28127713827416
0.817180602923548	5.76351417666899	0.746557587757707
5.02060569979353	27.0816774818276	1.60943055525422
3.20842207095257	23.5994931952145	1.58991191955283
3.44744589522123	30.6048157621848	1.7645654566586
1.21615459684459	5.91078633195972	0.789516286924481
1.02814836280415	5.98728611294183	0.84962742542848
0.109776135361846	3.48012730938034	0.524335802532733
-0.341661705997786	0.00796550968527859	0.166703369934112
1.72247779275838	19.8344285900879	1.4175323927775
3.70326916615746	38.2898210835268	1.96169733209535
0.425825784153566	3.67839434638039	0.638357322663069
2.68168039280908	32.0197994616312	1.77272256929427
0.310863887588545	3.39159924880079	0.479891809634864
0.357793388059273	-0.751255239595414	0.260638255160302
0.677787980424166	-0.828041571895339	0.0746557144448161
0.722962953348141	4.99780914105517	0.732140716165304
0.785044310435195	6.83440497730754	0.77920792857185
0.475758103398284	2.62604814452347	0.454052155837417
2.98329672579309	36.5915447130879	1.9275977127254
1.11295403693899	6.65943531228947	0.894576121587306
2.21693466615297	18.4359619366815	1.4154709065333
1.28144802840109	1.99181348334391	0.615742172580212
2.98555825921219	28.4488832803914	1.62767321709543
-2.02751323280473	5.32599497072524	0.626857629977167
1.67256219225791	2.86929742715735	0.620789251755923
1.40367132412923	14.5253762413593	1.24709697626531
3.1705537231067	27.5286118821589	1.65935440966859
3.72640262279203	32.4110481427361	1.80833215545863
2.6958554617955	18.4264715601633	1.34331308398396
-0.778081167336886	1.70661782316886	0.356709448620677
2.93131392925016	34.5317791522968	1.79317792411894
4.1374884507646	29.5791482852667	1.7662230799906
2.67791432630175	20.0695664639906	1.39057974284515
-0.0215959862617365	2.28872288194837	0.425071788951755
-0.243897625654169	7.49988267796979	0.858672822359949
1.68952570392231	33.2725840718831	1.83403237489983
1.72267622763553	18.6226309024109	1.3672829400748
0.041946802588811	11.1246916960226	1.09627627208829
2.60692895168619	1.92678121487008	0.522267554420978
0.928616666231428	4.44522208054263	0.636964290868491
2.425351562032	28.265881930178	1.69110372569412
3.95200766598407	34.3289403988101	1.8393286713399
1.6105830979786	-0.177188858827696	0.0789337046444416
0.312863003637369	3.04321281423209	0.483669944107533
2.24949992904802	28.7917468937718	1.7050032382831
3.19252994158464	11.9686487778852	1.04014292219654
1.05011666053727	2.3087380572335	0.509490098338574
-0.106484739385706	1.1220546493326	0.135132510215044
1.37946568710261	1.90783277758899	0.485216482542455
3.36012845001041	30.5921357690556	1.77017887495458
-0.0729400299004	-0.627403940667891	0.276055111084133
0.808507928559326	23.2072919778896	1.50525841955096
2.39642940210505	33.7521557230699	1.8389031519182
0.612396932382961	1.21968719467009	0.078914319165051
4.03642125789111	27.2115029806773	1.62033267971128
0.238258411797845	1.44927210127819	0.222427633125335
1.53821869268071	11.6855791712314	1.14290753984824
2.49643656012527	11.4798154314632	1.07951968722045
2.20364849731457	31.5732542752749	1.80386709840968
0.636797637343561	0.113185871702125	0.133370722644031
0.423000112449009	14.5708658650723	1.23870883556083
3.63191499489958	31.9992789872703	1.73925630794838
-0.324603571778533	0.641057888332613	0.256893020123243
4.5780911944579	31.9878861649334	1.78643665416166
2.23110344126056	8.63927370460323	0.877979842014611
0.706192976195062	6.76512856865238	0.722424020059407
1.92572695760677	20.1972811391394	1.42226161947474
1.65212234505562	10.9140234175645	0.945483238901943
2.41499859662768	30.628429244882	1.7427784986794
-0.0078160393983767	-0.675880907081023	0.239883136469871
1.99803106543515	27.9928376055632	1.704696577508
2.82110968242085	20.5260523484627	1.38373246788979
1.32866032153212	27.1395882988012	1.64953335374594
0.538825025655805	11.8531759869155	1.12146781105548
0.803632443443971	12.9657273824484	1.20108669390902
1.15269550839807	10.9676395781606	1.08115319069475
-1.06875653343584	3.07489726753321	0.407895797863603
1.49054993434131	0.663249557936092	0.155007396824658
-0.0151825615094006	32.7185096529255	1.77412200486287
0.862781756424141	6.23156728845889	0.844786474946886
1.50394866295069	17.4927594631838	1.3208793583326
3.53154561973919	32.4589173669672	1.75794334290549
2.57435422065695	24.3943833176692	1.59490051632747
-0.900858855406876	7.55596864271343	0.81070420332253
1.28132470402501	1.84425182907869	0.0426721959374845
2.55397779947162	14.1719020279332	1.25142853427678
3.2625860414972	36.4040402208945	1.88614012673497
1.94356439135786	22.123648067915	1.49630600167438
2.13043063582048	32.248558953688	1.77785869827494
2.17026558193839	4.90665210955061	0.714550992939621
0.181905185214614	7.69275356411666	0.815846181474626
3.79068650664015	30.6538379471804	1.75936237862334
2.34811446973685	12.3756462200637	1.14440826233476
1.75399883049778	19.5210869866848	1.37792136240751
-1.05227162818799	0.300927862282735	0.0240948065184057
2.05875088703711	12.4692377055178	1.144006034825
-0.60876742864143	0.606802947549562	0.17316115507856
2.37212450354162	11.7708798762525	1.07323806779459
0.586652483919341	-0.85853284278746	0.158851449377835
2.71002677714884	25.0803657187588	1.57639193721116
-0.866234346037204	0.897506941788165	0.0957065997645259
1.32043587389993	5.70081394936371	0.75596690364182
0.948493443794231	10.6960861105	1.10397100728005
2.37214766262333	22.6590681755472	1.47948830155656
0.375181782019414	3.66647236581616	0.663537838961929
1.60605693521739	9.58656066428741	0.943709441460669
4.10454724716979	37.6499957698775	1.9503394048661
1.58607149317857	12.4452910824305	1.15750895999372
2.77945929053289	20.9438856834449	1.4688862557523
-0.834281840334324	-0.710154275665786	0.12242894154042
-0.50122608463322	1.24445188786113	0.38640688220039
1.81759736991062	20.4654514317638	1.45909387152642
0.341448817443906	-0.0508717125800267	0.0245255399495363
0.586158827856829	17.479445202239	1.32262862613425
3.32338823615834	24.5865404629188	1.63339011464268
4.44729072559127	33.034295207828	1.83028235984966
2.49608306631088	19.2346920315543	1.32404361665249
-1.81181654393806	1.53231277518241	0.129893173929304
1.74229630348431	1.69205272150007	0.0566361141391099
3.9997836146331	35.9919409067053	1.90526709752157
-0.90132614012238	4.38909825454583	0.647634329274297
3.70842734835255	24.1399441787881	1.56400244403631
1.69457994919805	9.84986708584752	1.04380666837096
1.30579855251667	1.56895187155394	0.357394526246935
0.0392007917917104	3.23397996011889	0.415913025848568
3.91228183293457	25.6286470047474	1.57625763583928
3.14790100880792	9.55588365728551	0.893856445327401
1.72180665698073	11.2150258229877	1.04658517427742
0.195861851422172	10.9653368710552	1.05925601255149
1.28491803416481	9.17097492009098	0.940306766889989
3.05647628014627	6.17941879658444	0.727510352153331
4.40707720280641	33.3249075820951	1.85351480497047
-0.57917205718816	1.65184692193599	0.296703367959708
0.462312525978638	15.7415982187077	1.30471751140431
0.711783795264057	1.22917408046534	0.313226277474314
0.792846795689897	0.765054081244622	0.0439360509626567
1.13483539042063	13.14685078844	1.10238900361583
4.08167602470375	30.1146340763346	1.68279845174402
0.922615285479345	7.09669116651153	0.80263290880248
0.814630753931832	1.24400966477906	0.0393544300459325
2.23213487334426	20.3874509240781	1.41158462548628
2.5226670910217	33.7179409004855	1.84700885694474
-0.050204216365207	13.4868735870988	1.10929289087653
4.02988379778888	30.5821639481516	1.71760819014162
2.97014326231412	4.29401900463946	0.655433378648013
-0.0204122103487756	11.719188246603	1.00251692626625
0.459142897161407	2.17371292953748	0.396311844233423
1.4534843280958	1.97388733703094	0.376789591275156
1.09173995250238	0.727801740372991	0.214648539200425
1.55013642914576	25.8723204623132	1.58943287935108
0.521698068642323	4.26350438265478	0.674056387040764
0.0700032970311004	13.3584918555904	1.11971453716978
0.815264802101311	0.985239839948873	0.523501190822572
1.13939848466713	11.9103601555015	1.17159966006875
-0.207549947655617	-0.250190531645892	0.224226895254105
-0.0693417279115269	-1.10741125163275	0.0266384012065828
0.278288389583903	4.51509194530694	0.607972670346499
-0.393971834276518	-0.414215982360859	0.0865065474063158
-1.02577600286013	8.38133775793116	0.914975891821086
-0.273491299259603	2.30430397353401	0.507364239543676
0.695537264822569	0.763308746444003	0.0749264392070472
0.242449226641867	13.206603043888	1.06646157475188
-1.16267136229804	1.28475165278315	0.0935456012375653
1.95725932069762	11.3931083849502	1.04573789890856
2.43662723952575	16.1561846882445	1.27816519094631
0.460870598492774	6.63577133693815	0.81759416218847
-2.17072740041851	0.828452003355516	0.0423945989459753
3.26136664092754	36.1547726011627	1.92081357305869
-0.362249268150602	0.054326352605218	0.0813129222951829
4.86429630702406	36.7234346903667	1.92246622545645
3.20291516018746	20.2504853613911	1.47050245525315
4.29343833325923	33.6712846671154	1.90351909538731
-0.91158437906352	0.117157618128994	0.153799486346543
-0.529645387125107	0.301945438455969	0.0669274237006903
3.07572677384251	16.1851011872866	1.30251604970545
3.79929271651285	32.3819414587591	1.78923761751503
0.438997196842572	1.27271648209765	0.187216194346547
3.38202624761073	21.8622579705936	1.40935202129185
-2.33349059658568	1.23253972576105	0.125267168972641
-1.43347736803055	4.61757528300488	0.561010295990855
2.5185772346434	25.3965718232024	1.58974934788421
-0.0886253738485295	4.75105219930024	0.704474124591798
2.67074498252729	24.9418420896368	1.51708304416388
0.387921427957728	-1.00316269248764	0.129920667037368
-0.931938064425253	2.97335777736993	0.591518148314208
0.551240695758881	5.16322936063973	0.794680773746222
-0.179154812559203	1.95035213795522	0.471404022071511
3.08140292852644	25.7034018042863	1.59005057020113
1.26198071569748	14.5471299575364	1.18637751787901
0.825718410235428	1.59852543810991	0.386554362718016
1.94712227114242	14.4700165072742	1.17424999270588
-0.46002928594973	2.32633404742357	0.315470382105559
0.852497148674632	3.65138902484711	0.522600382100791
4.73200063942942	36.3330693448935	1.91850138548762
0.154639049370077	22.5644868522059	1.52135791443288
3.77926914536806	17.7872912757625	1.2955580027774
2.24741278483585	40.1839407036966	1.97416103864089
2.56100659675181	16.1066306085015	1.24576558498666
2.07229695640594	20.5438320974366	1.42957321414724
0.640332143385411	2.05828126243603	0.489483362063766
0.500166882098462	16.4299622344741	1.27888048766181
1.08482991180532	0.918173828531799	0.496622744947672
-1.13945388543475	1.19118369228243	0.0361119867302477
0.445626530987994	5.40479747570318	0.749620604794473
0.0621256532027864	3.2579507246215	0.462626835796982
-0.107828417602071	5.16106842893073	0.695010935887694
2.19355247744386	17.6415908061814	1.350677897688
2.50427102882186	18.4290328609976	1.37167218793184
1.54030053983219	5.58309588930091	0.708443920128048
1.27251818538785	6.24404703211055	0.855724428780377
1.39124868147281	17.5733292777281	1.31038795085624
0.170499180138433	1.27016982218651	0.369708282873035
1.95385020292271	24.4069312896471	1.58184611937031
1.55479110793223	19.7221451252932	1.37295341631398
1.21369203998062	10.0355228954326	1.05841147573665
1.60544532798276	30.4651111757215	1.75031484104693
4.49311496907314	32.9686781538426	1.85052539827302
0.701547920501997	1.7037860955377	0.516823224257678
0.803154926429261	6.36389711763262	0.666628033854067
4.87840209855348	36.3923243786234	1.90449617104605
1.56186362316834	19.9892414795693	1.39944763761014
-0.15895591959804	11.6215425315796	1.10224336339161
1.12762934309904	6.4871654852727	0.603175112511963
-0.81987126784418	4.2464976551014	0.786578249651939
-0.0439974901801104	-0.220197057233977	0.144896066747606
-0.402059622847096	7.69795662445659	0.842931518796831
-0.661438106263488	1.72393968704325	0.43145481031388
1.06034532990086	1.48504533377417	0.435068637598306
0.188455983809594	4.20727477963425	0.754124867264181
2.29352025789776	34.973740724089	1.86220659920946
1.1384404273498	7.99065286128941	0.957236417103559
2.7784330491635	16.5398932704434	1.27398547390476
0.924722536841723	11.4088048482904	1.12863687612116
0.437444900109128	26.2047996319691	1.59766689129174
3.92318904187488	29.6494905748231	1.75600663991645
1.77017723666755	20.5703168147546	1.42669791681692
0.77360152259147	9.83467761854618	1.01883349986747
0.387052440722194	6.75573269863416	0.717229366768152
0.840974817389946	4.00499851653361	0.453550234436989
1.92003347353321	2.9660189978242	0.659708341117948
1.77235076163237	8.85385213144851	0.862174420617521
1.32522529660613	12.5989744170332	1.12166012637317
2.36343336113834	25.3080344137424	1.5549215064384
1.80924500161811	21.5443430087137	1.43259321944788
-0.638883597680674	12.4231953808754	1.08618171978742
-0.847823304072785	1.49422663115578	0.331766807008535
2.14311531514766	4.79736731812952	0.690586674027145
0.930067870041613	2.68093748686363	0.351612464059144
1.27589596200664	6.07641306165037	0.808102821931243
0.760700200878149	7.46381055507765	0.908546079415828
3.31936789625217	29.7632020107193	1.73063211329281
0.545020685099387	13.7260574642848	1.16747344983742
3.96419700570547	33.9825356885924	1.79361935192719
-2.41469997217759	5.39988778701502	0.789078193251044
1.11966782973428	9.35508359739006	1.06734850723296
-0.497469266950213	0.352342972056892	0.0207173037342727
-0.447572368199385	1.69907445633968	0.291581864003092
1.46297342768803	21.7998971979657	1.45188204059377
2.59403586377912	11.8364449153565	1.09610826475546
1.61836070806538	7.08130411786384	0.837836131453514
-0.408226471785189	2.84799529935865	0.298230482265353
-0.888261891136304	11.8944910728579	1.07272932585329
2.68333422343511	35.4544797584617	1.88361345091835
2.01793747886812	6.15596071601419	0.76671995408833
-1.08361172369511	-0.650621924369499	0.234147184994072
3.76380702998798	37.8279433818741	1.91995497886091
0.658643258817332	6.3103417487818	0.77427446981892
-1.22026628646807	1.21306196622071	0.306857539806515
1.40793573233307	0.13959684873948	0.0257011977955699
0.70172878239245	4.27090752382415	0.55742721632123
3.2671379007625	21.4076307403233	1.55136719439179
0.782279758302016	2.66468744478908	0.0336417290382087
0.503632982954442	3.10055240806357	0.382870565634221
0.508379899865907	0.0665812378689676	0.26351482141763
-0.775970306113632	2.42021594621481	0.625546969939023
-0.0577559511470396	9.91537972392636	0.998321970924735
1.000248040082	3.63259118831905	0.621311213821173
-0.00183095596939892	0.769326241983955	0.365268038585782
1.56480735474014	4.2428992408867	0.601691550575197
3.68146576067754	26.7202359718397	1.64115942502394
-0.216673500830966	8.05833043478034	0.956704613287002
0.652824767874242	11.4701682886227	1.03645492065698
7.26375587501194	36.6533418087632	1.92318763537332
3.28831013033819	35.6828715317191	1.87700693355873
0.23331789920491	-0.770961276299779	0.207566161639988
-0.629015027449274	7.02819327477571	0.809673555660993
0.570802248725206	8.45447343892468	0.881864714901894
1.343406818554	4.89059551819702	0.706460560671985
3.83650979211045	25.6796912384661	1.61198916565627
2.45621230298732	0.171611824014823	0.0959640662185848
1.29565528160316	25.2427528742832	1.5933408071287
1.09416444451023	1.42088962560222	0.223525663372129
3.3423255281491	19.0781252228608	1.39577808137983
-1.06153560450699	3.38657644092258	0.539568683132529
0.889902918544626	2.17957268407873	0.414203610736877
0.702794267682955	1.11475554787982	0.0683225700631738
1.50602777227054	13.7795244779211	1.15394332958385
2.68023767144063	18.5284690077672	1.35633906535804
1.03078736159158	9.59141667110456	1.00066105509177
2.61828158813476	16.8594612735817	1.3010869785212
-0.602561075610756	3.64442360064013	0.666397672146559
0.535005262401586	0.18232115368574	0.018284531775862
-0.90033758887049	2.50235862628403	0.414545390289277
0.00115944318479482	-0.0228942093914809	0.158095376566052
1.04093184366307	13.6226047329068	1.19076556712389
2.55828460915083	28.390480884209	1.65713145956397
3.07030884613703	32.5772740769055	1.80314251268283
2.93388945681322	20.3556558951885	1.43641939247027
0.165809914763582	0.882747514271894	0.229103619698435
3.45798871012621	31.5928788804822	1.82266594003886
3.88834916352375	24.9899811911762	1.61375654162839
1.48005562322969	19.2475058739027	1.3918628981337
0.94476463452308	16.0543226586655	1.22300901450217
-0.439574076688977	3.02668108720951	0.434488353785127
2.44902705365885	23.4109604180219	1.56335072033107
0.00491881508744335	0.0618014455158555	0.292461089789867
3.11099501409474	35.2569378034737	1.83886305335909
1.6088438638194	0.349967529277389	0.403318814467639
1.33047102418299	2.9990274764669	0.593287907540798
1.1339879881918	3.62695869295568	0.585120928473771
4.81591387599723	29.3183946393949	1.70913898339495
0.106546926726309	5.71879453921841	0.741706269793212
0.998740693415853	0.542175368527861	0.263685780577362
1.60486678603189	20.1575670435403	1.48622648837045
2.91620487493677	39.5768343462436	1.9713863292709
-0.270554793048635	15.1197145325393	1.21729750884697
0.214390566251393	7.89172805183793	0.859512217342854
2.07958693936976	14.1705050453135	1.15231223683804
1.38414769055753	2.62212815121893	0.61324259173125
0.966726413476737	8.15282646593304	0.790590241085738
0.522564278292387	7.68881287634814	0.880701494403184
3.25453381179418	19.5691725214218	1.44299796316773
